# keyframe format v1
fps 0
0
24
91
149
207
261
382
442
559
676
793
911
1027
1143
1261
1378
1494
1612
1733
1849
2182
2313
2711
2858
2978
3057
3098
3140
3253
3359
3489
3615
3771
3873
3969
4044
4063
4167
4297
4437
4562
4662
4877
4961
5033
5183
5333
5472
5682
5866
6081
6170
6274
6456
6583
6642
6684
6797
6871
6953
7019
7109
7217
7361
7469
7587
7710
7816
7861
7915
7969
7999
8077
8108
8280
8395
8456
8527
8608
8680
8769
8853
8899
9012
9075
9324
9379
9486
9633
9756
9888
10094
10178
10284
10437
10515
10587
10698
10899
10914
10983
11040
11087
11138
11158
11205
11270
11385
11489
11609
11657
11708
11771
11945
12061
12109
12271
12401
12434
12506
12626
12743
12853
13092
13379
13402
13541
13751
13840
13977
14043
14215
14302
14415
14471
14542
14613
14679
14768
14823
14873
14944
14997
15084
15143
15215
15287
15390
15634
15746
15791
15838
15929
16012
16098
16180
16269
16326
16408
16554
16621
16675
16762
16852
16916
16987
17070
17123
17179
17255
17340
17401
17456
17523
17603
17662
17703
17828
18033
18076
18304
18348
18498
18713
18749
18809
18856
18914
18936
19020
19067
19115
19203
19258
19310
19317
19335
19365
19426
19452
19547
19598
19694
19777
19804
19895
20047
20111
20167
20191
20193
20241
20323
20327
20396
20609
20720
20791
20859
20913
20984
21075
21117
21212
21255
21317
21401
21447
21516
21571
21573
21618
21653
21723
21762
21794
21816
21818
21820
21838
21848
21879
21920
21956
21974
22064
22089
22145
22166
22172
22247
22294
22362
22410
22514
22559
22621
22653
22719
22776
22823
22880
22915
22973
23019
23046
23055
23072
23178
23203
23205
23218
23266
23292
23327
23371
23395
23467
23542
23588
23658
23750
23802
23874
24034
24081
24104
24175
24319
24472
24596
24641
24724
24808
24889
25006
25130
25214
25357
25441
25608
25683
25882
26026
26027
26028
26029
26030
26031
26032
26033
26053
26075
26143
26226
26329
26485
26554
26614
26674
26874
26994
27072
27181
27289
27415
27498
27582
27671
27767
27839
27896
27990
28058
28093
28164
28246
28327
28374
28428
28459
28539
28540
28630
28689
28754
28825
28873
28916
28976
29024
29215
29436
29495
29555
29614
29698
29778
29859
29920
29960
29982
30057
30215
30266
30298
30317
30399
30469
30539
30570
30624
30706
30761
30840
30911
30981
31043
31115
31185
31254
31316
31390
31448
31520
31639
31699
31783
31903
32047
32125
32221
32272
32292
32533
32824
33232
33259
33271
33325
33334
33526
33676
33679
34177
34180
34183
34186
34313
