# keyframe format v1
fps 0
0
35
91
149
207
261
382
442
559
676
793
911
1027
1143
1261
1378
1494
1612
1733
1849
2290
2335
2382
2424
2456
2499
2553
2598
2640
2662
2697
2762
2842
2890
3087
3203
3432
3563
4631
5779
5841
5913
6039
6096
6139
6232
6382
6448
6630
6763
6929
7008
7242
7362
7432
7517
7555
7897
8461
8638
8722
8793
8839
9146
9198
9646
9728
9836
9980
10142
10251
10368
10455
10564
10647
10713
10817
10931
10996
11045
11219
11292
11416
11462
11632
11686
11872
12060
12090
12180
12347
12452
12587
12696
12733
12892
13058
13177
13240
13308
13363
13545
13629
13707
13746
13747
13748
13770
13806
13887
14000
14106
14271
14349
14517
14831
14903
15085
15145
15229
15466
15655
15790
15952
16085
16198
16340
16448
16559
16667
16769
16859
16943
17006
17117
17225
17429
17601
17679
17949
18117
18507
18633
18747
18851
19094
19302
19549
19705
19775
19895
20174
20345
20369
20654
20822
21175
21279
21387
21495
21555
21835
22005
22243
22333
22393
22483
22665
22800
22896
22996
23170
23181
23246
23426
23729
23789
23976
24070
24250
24430
24519
24821
25037
25244
25288
25355
25429
25507
25588
25652
25802
25889
26104
26200
26366
26463
26574
26641
26723
26803
26880
26975
27041
27107
27177
27230
27290
27373
27466
27565
27654
27896
27978
28432
28467
28472
28474
28476
28486
28488
28519
28529
28541
28542
28554
28555
28610
28706
28776
28800
28916
28951
29132
29238
29371
29514
29535
29574
29768
29812
29828
29862
29887
29989
30013
30044
30120
30151
30169
30208
30411
30435
30456
30522
30590
30867
31207
31297
31345
31412
31511
31736
31811
31899
31985
32045
32095
32179
32242
32262
32503
32800
33202
33232
33250
33295
33304
33496
33622
33646
33649
34147
34150
34153
34156
34311
34429
